scp_number rating comments
1 241 157
2 1527 116
3 678 86
4 991 122
5 566 102
6 508 100
7 496 47
8 784 183
9 713 92
10 152 42
11 594 54
12 689 139
13 479 108
14 685 48
15 897 89
16 642 68
17 756 123
18 351 46
19 450 60
20 475 32
21 505 37
22 628 54
23 446 66
24 699 65
25 387 30
26 481 47
27 467 51
28 1036 74
29 404 117
30 437 34
31 514 153
32 354 33
33 672 148
34 300 45
35 1523 188
36 193 33
37 169 52
38 510 59
39 300 46
40 495 79
41 214 13
42 162 112
43 288 54
44 295 44
45 149 25
46 302 51
47 180 23
48 1183 137
49 3375 565
50 416 41
51 281 23
52 441 83
53 757 84
54 321 38
55 3020 423
56 178 92
57 313 90
58 723 141
59 198 92
60 420 83
61 236 34
62 199 58
63 446 57
64 320 19
65 203 44
66 750 135
67 406 31
68 171 38
69 496 51
70 140 52
71 322 75
72 514 84
73 1017 147
74 156 38
75 278 14
76 1342 416
77 229 87
78 334 31
79 1203 116
80 169 17
81 303 33
82 604 73
83 251 25
84 476 40
85 1318 304
86 584 80
87 2948 431
88 109 39
89 665 117
90 166 59
91 325 45
92 496 120
93 2594 202
94 269 49
95 287 52
96 2815 461
97 459 72
98 360 65
99 320 57
100 386 78
101 231 38
102 78 27
103 37 75
104 91 30
105 745 223
106 2501 602
107 308 54
108 452 93
109 233 40
110 287 41
111 643 94
112 466 75
113 467 139
114 128 33
115 311 50
116 50 36
117 48 34
118 207 53
119 347 44
120 486 55
121 269 57
122 295 60
123 328 42
124 283 38
125 78 11
126 200 40
127 487 57
128 248 30
129 72 29
130 85 30
131 816 92
132 267 28
133 183 24
134 310 67
135 222 25
136 261 49
137 256 42
138 283 74
139 115 19
140 1298 85
141 133 26
142 143 24
143 372 44
144 364 38
145 358 46
146 91 34
147 298 24
148 486 126
149 225 51
150 230 38
151 222 38
152 520 41
153 135 33
154 233 50
155 290 34
156 189 22
157 275 47
158 327 28
159 187 43
160 192 38
161 216 41
162 498 71
163 595 88
164 154 33
165 412 53
166 442 368
167 184 29
168 624 63
169 813 99
170 259 28
171 235 24
172 332 42
173 6704 1459
174 170 28
175 229 15
176 627 47
177 247 89
178 534 66
179 812 127
180 137 36
181 221 85
182 255 106
183 223 26
184 1055 170
185 121 37
186 830 108
187 380 91
188 60 20
189 24 80
190 145 27
191 634 42
192 50 28
193 148 33
194 42 7
195 65 19
196 223 43
197 234 40
198 383 50
199 63 9
200 112 37
201 321 56
202 255 30
203 170 25
204 191 28
205 485 36
206 290 43
207 209 39
208 367 51
209 470 39
210 166 38
211 91 36
212 438 42
213 250 117
214 142 12
215 175 13
216 529 100
217 710 98
218 44 32
219 122 35
220 203 44
221 197 51
222 83 38
223 115 33
224 209 57
225 268 96
226 130 32
227 209 17
228 372 93
229 245 22
230 298 62
231 3 0
232 216 60
233 163 76
234 127 26
235 203 32
236 124 38
237 239 25
238 34 55
239 639 159
240 65 27
241 163 38
242 286 57
243 237 47
244 131 25
245 582 136
246 119 38
247 373 51
248 228 87
249 69 40
250 236 104
251 116 49
252 308 31
253 104 25
254 168 18
255 158 35
256 66 45
257 255 76
258 172 21
259 172 53
260 137 67
261 855 66
262 436 29
263 123 63
264 14 24
265 137 25
266 62 23
267 196 29
268 393 31
269 141 34
270 348 57
271 77 48
272 392 41
273 171 41
274 143 59
275 136 64
276 56 27
277 203 41
278 61 39
279 31 45
280 187 41
281 151 48
282 147 26
283 163 50
284 61 15
285 90 16
286 180 40
287 131 28
288 124 59
289 222 29
290 219 35
291 252 66
292 161 39
293 26 21
294 1776 459
295 68 23
296 306 31
297 308 85
298 84 14
299 158 36
300 191 31
301 130 20
302 208 33
303 721 110
304 94 39
305 102 32
306 133 39
307 83 27
308 105 22
309 105 51
310 167 48
311 99 43
312 288 42
313 126 45
314 121 66
315 503 55
316 136 36
317 235 102
318 186 43
319 413 63
320 172 29
321 577 112
322 142 37
323 311 64
324 164 17
325 82 31
326 104 42
327 197 74
328 189 34
329 164 21
330 305 42
331 115 15
332 376 59
333 175 29
334 122 53
335 298 63
336 223 115
337 194 109
338 89 35
339 132 42
340 67 24
341 75 63
342 744 117
343 967 370
344 207 46
345 169 32
346 153 51
347 238 73
348 1212 269
349 158 65
350 34 34
351 94 19
352 314 92
353 282 67
354 1277 121
355 137 37
356 104 35
357 94 28
358 109 28
359 54 39
360 144 15
361 366 79
362 206 52
363 284 60
364 153 33
365 114 19
366 81 88
367 235 50
368 236 28
369 142 17
370 416 56
371 66 21
372 382 57
373 169 31
374 283 63
375 138 22
376 129 26
377 155 47
378 132 8
379 81 33
380 128 31
381 156 29
382 85 21
383 47 31
384 62 23
385 126 56
386 83 31
387 706 120
388 67 25
389 103 23
390 70 62
391 230 57
392 88 39
393 63 32
394 166 22
395 123 35
396 221 56
397 176 21
398 98 32
399 156 68
400 364 68
401 322 62
402 96 24
403 138 42
404 150 41
405 140 21
406 132 60
407 484 30
408 345 24
409 354 58
410 242 32
411 402 45
412 129 17
413 405 43
414 309 57
415 194 37
416 117 33
417 165 28
418 138 32
419 164 56
420 210 44
421 149 21
422 65 21
423 730 67
424 94 17
425 112 26
426 2200 222
427 537 126
428 227 39
429 147 23
430 144 33
431 324 80
432 368 74
433 107 28
434 242 22
435 443 47
436 145 32
437 301 27
438 48 29
439 638 127
440 194 30
441 105 24
442 184 38
443 69 17
444 222 24
445 347 62
446 145 69
447 724 151
448 45 33
449 159 25
450 462 74
451 529 58
452 73 14
453 509 91
454 78 42
455 586 65
456 20 40
457 532 55
458 511 115
459 88 13
460 159 31
461 101 31
462 143 25
463 65 53
464 131 37
465 138 46
466 272 49
467 113 22
468 137 29
469 335 72
470 169 29
471 158 86
472 175 74
473 107 37
474 55 17
475 223 33
476 155 40
477 147 25
478 286 62
479 97 35
480 41 29
481 111 49
482 76 35
483 96 37
484 230 38
485 184 44
486 124 40
487 94 27
488 117 33
489 194 25
490 88 41
491 147 20
492 228 33
493 168 33
494 169 38
495 63 33
496 38 52
497 40 30
498 196 63
499 153 48
500 943 160
501 72 16
502 156 36
503 224 35
504 1070 203
505 275 43
506 119 61
507 1309 113
508 117 35
509 226 39
510 142 34
511 338 68
512 68 20
513 754 102
514 357 54
515 190 32
516 260 23
517 413 115
518 117 29
519 78 10
520 34 15
521 80 30
522 73 42
523 309 42
524 558 52
525 146 22
526 225 25
527 576 148
528 118 41
529 953 77
530 183 19
531 324 59
532 39 87
533 75 23
534 137 14
535 38 18
536 403 54
537 178 40
538 145 30
539 178 36
540 179 35
541 38 20
542 171 45
543 218 15
544 64 42
545 214 39
546 121 54
547 157 24
548 76 57
549 110 37
550 54 22
551 133 23
552 229 28
553 142 62
554 279 41
555 220 55
556 85 19
557 385 98
558 164 47
559 139 30
560 70 35
561 178 39
562 236 41
563 174 39
564 92 7
565 164 70
566 88 69
567 148 48
568 139 16
569 189 91
570 64 18
571 183 46
572 494 53
573 254 50
574 132 35
575 131 24
576 232 58
577 122 17
578 101 45
579 219 430
580 106 41
581 122 30
582 357 137
583 344 52
584 113 19
585 225 33
586 890 154
587 244 48
588 175 44
589 63 17
590 339 92
591 213 29
592 343 81
593 63 25
594 94 44
595 64 20
596 262 31
597 0 0
598 197 34
599 297 39
600 249 50
601 162 42
602 304 53
603 378 68
604 412 63
605 43 28
606 175 39
607 264 46
608 37 31
609 421 92
610 1397 194
611 244 52
612 106 34
613 169 74
614 262 49
615 98 16
616 352 161
617 183 33
618 91 15
619 265 48
620 133 26
621 136 32
622 57 17
623 54 26
624 258 43
625 79 38
626 99 17
627 39 68
628 138 18
629 359 39
630 115 21
631 98 32
632 177 32
633 50 21
634 144 23
635 195 41
636 156 33
637 194 29
638 162 34
639 129 35
640 24 16
641 117 23
642 125 16
643 223 80
644 276 27
645 355 70
646 225 64
647 66 59
648 89 42
649 195 88
650 547 52
651 55 52
652 179 37
653 25 28
654 59 16
655 139 53
656 128 33
657 171 25
658 151 19
659 131 28
660 52 12
661 161 87
662 862 76
663 36 17
664 224 24
665 92 21
666 309 124
667 94 17
668 375 54
669 76 22
670 294 35
671 117 24
672 101 34
673 82 37
674 467 92
675 31 27
676 119 24
677 149 33
678 63 14
679 147 32
680 50 20
681 95 31
682 2818 973
683 257 48
684 179 22
685 33 21
686 217 59
687 345 52
688 141 45
689 333 65
690 106 37
691 42 21
692 70 32
693 174 49
694 193 63
695 1 0
696 290 42
697 151 32
698 334 76
699 382 35
700 180 66
701 1457 170
702 242 41
703 237 71
704 136 47
705 389 54
706 252 65
707 72 30
708 93 29
709 157 15
710 131 20
711 449 82
712 11 31
713 281 62
714 109 70
715 303 68
716 70 37
717 154 32
718 190 48
719 205 44
720 92 11
721 126 43
722 131 33
723 157 31
724 83 30
725 49 15
726 334 74
727 188 57
728 153 46
729 136 32
730 86 26
731 188 11
732 535 134
733 151 55
734 139 54
735 285 77
736 314 69
737 167 32
738 721 96
739 86 23
740 239 55
741 151 65
742 175 37
743 330 38
744 118 75
745 382 49
746 20 25
747 226 39
748 345 108
749 106 42
750 190 70
751 73 25
752 388 83
753 302 41
754 97 39
755 173 57
756 276 52
757 88 36
758 149 30
759 148 19
760 158 37
761 120 28
762 75 39
763 175 15
764 241 38
765 337 74
766 159 17
767 140 16
768 108 22
769 118 47
770 134 40
771 69 22
772 168 44
773 76 13
774 138 40
775 65 43
776 234 24
777 125 22
778 107 17
779 160 33
780 43 29
781 109 26
782 127 23
783 329 49
784 288 68
785 248 50
786 260 31
787 237 78
788 91 33
789 160 54
790 121 24
791 44 28
792 222 46
793 53 42
794 31 32
795 281 62
796 142 12
797 63 35
798 68 59
799 168 40
800 196 31
801 23 28
802 95 34
803 77 16
804 667 71
805 178 13
806 109 30
807 283 47
808 208 55
809 107 12
810 85 23
811 609 101
812 96 16
813 112 28
814 114 19
815 103 21
816 202 41
817 85 38
818 234 47
819 134 47
820 106 14
821 231 57
822 145 15
823 586 120
824 150 46
825 96 40
826 453 41
827 158 72
828 192 24
829 11 56
830 64 22
831 231 49
832 118 29
833 149 53
834 174 48
835 2 0
836 80 24
837 187 57
838 334 52
839 80 26
840 65 29
841 124 74
842 115 20
843 84 40
844 65 16
845 185 45
846 438 61
847 389 70
848 207 20
849 76 24
850 86 21
851 50 23
852 107 27
853 164 31
854 107 28
855 112 23
856 102 17
857 172 29
858 127 50
859 59 25
860 506 55
861 101 42
862 136 32
863 96 20
864 48 49
865 233 34
866 75 42
867 67 23
868 223 61
869 175 24
870 433 50
871 995 251
872 304 62
873 124 32
874 122 25
875 120 15
876 88 33
877 297 26
878 81 50
879 90 16
880 121 20
881 228 45
882 904 71
883 54 46
884 581 62
885 31 18
886 112 39
887 224 21
888 50 27
889 248 56
890 577 71
891 36 38
892 156 38
893 85 21
894 134 16
895 1693 114
896 237 43
897 219 36
898 169 29
899 216 47
900 165 30
901 79 10
902 1513 353
903 122 35
904 100 31
905 201 21
906 93 60
907 236 52
908 253 54
909 292 57
910 199 24
911 287 31
912 160 32
913 137 13
914 2367 201
915 90 44
916 232 60
917 178 20
918 176 38
919 311 44
920 366 44
921 229 50
922 158 22
923 153 39
924 155 23
925 65 30
926 183 38
927 54 21
928 87 56
929 56 19
930 186 74
931 482 118
932 77 18
933 73 33
934 111 16
935 96 23
936 71 28
937 96 14
938 78 44
939 778 103
940 308 60
941 20 7
942 101 53
943 63 23
944 211 23
945 102 9
946 577 100
947 205 17
948 226 35
949 204 51
950 109 25
951 234 32
952 166 26
953 461 125
954 35 22
955 200 67
956 444 54
957 338 114
958 222 41
959 73 32
960 226 22
961 215 33
962 612 127
963 1209 125
964 129 21
965 251 43
966 668 99
967 336 55
968 157 23
969 152 36
970 569 66
971 213 54
972 80 14
973 370 70
974 44 82
975 108 24
976 113 11
977 140 38
978 484 31
979 76 25
980 194 43
981 53 72
982 222 33
983 214 33
984 150 39
985 85 17
986 221 58
987 49 22
988 300 50
989 108 14
990 1266 124
991 54 25
992 54 60
993 1257 194
994 229 33
995 80 30
996 230 42
997 152 40
998 200 39
999 2071 235
1000 1586 204
1001 116 61
1002 239 32
1003 275 79
1004 1 0
1005 261 33
1006 600 99
1007 288 24
1008 286 31
1009 171 27
1010 127 24
1011 359 44
1012 324 69
1013 257 64
1014 139 25
1015 343 62
1016 181 34
1017 181 48
1018 218 23
1019 185 51
1020 313 54
1021 201 49
1022 186 33
1023 97 20
1024 172 48
1025 711 46
1026 172 45
1027 154 19
1028 118 26
1029 238 45
1030 278 39
1031 171 24
1032 540 131
1033 368 57
1034 181 24
1035 14 44
1036 313 59
1037 41 17
1038 131 51
1039 94 23
1040 266 52
1041 249 36
1042 212 43
1043 126 28
1044 200 51
1045 324 44
1046 289 61
1047 303 98
1048 1283 196
1049 70 36
1050 612 120
1051 245 36
1052 54 65
1053 98 31
1054 180 45
1055 635 99
1056 182 28
1057 719 122
1058 60 27
1059 344 70
1060 93 48
1061 224 79
1062 114 29
1063 229 67
1064 104 31
1065 118 35
1066 204 42
1067 26 40
1068 240 31
1069 134 27
1070 126 111
1071 124 16
1072 23 29
1073 193 48
1074 316 51
1075 174 37
1076 285 43
1077 121 29
1078 64 20
1079 228 56
1080 207 21
1081 126 27
1082 210 27
1083 126 37
1084 204 30
1085 213 31
1086 61 35
1087 92 22
1088 91 33
1089 172 37
1090 117 50
1091 44 37
1092 38 28
1093 166 39
1094 81 35
1095 91 17
1096 130 37
1097 141 18
1098 197 42
1099 143 62
1100 248 38
1101 208 51
1102 91 17
1103 362 60
1104 189 33
1105 71 30
1106 199 42
1107 111 46
1108 169 41
1109 151 24
1110 218 37
1111 581 55
1112 94 21
1113 128 62
1114 169 68
1115 267 64
1116 77 35
1117 99 64
1118 144 60
1119 164 75
1120 131 38
1121 156 61
1122 293 47
1123 360 46
1124 123 114
1125 210 51
1126 212 43
1127 352 63
1128 502 57
1129 123 35
1130 184 44
1131 244 42
1132 163 64
1133 157 52
1134 68 43
1135 236 19
1136 187 34
1137 166 38
1138 98 39
1139 233 59
1140 130 50
1141 236 61
1142 279 69
1143 60 18
1144 118 68
1145 73 47
1146 155 52
1147 360 87
1148 36 47
1149 29 25
1150 107 15
1151 202 56
1152 346 58
1153 145 28
1154 146 31
1155 432 55
1156 283 119
1157 208 48
1158 145 73
1159 161 164
1160 457 52
1161 268 42
1162 359 39
1163 98 37
1164 66 81
1165 380 70
1166 217 102
1167 208 38
1168 135 39
1169 141 51
1170 163 47
1171 1650 176
1172 222 66
1173 719 163
1174 131 31
1175 173 47
1176 284 37
1177 308 92
1178 172 45
1179 152 50
1180 179 40
1181 18 48
1182 129 39
1183 166 56
1184 303 75
1185 129 19
1186 47 17
1187 104 27
1188 205 33
1189 53 46
1190 213 51
1191 83 48
1192 562 88
1193 771 143
1194 130 7
1195 208 44
1196 172 51
1197 211 66
1198 108 33
1199 135 34
1200 207 25
1201 120 57
1202 135 29
1203 140 26
1204 23 11
1205 126 42
1206 241 57
1207 271 128
1208 150 65
1209 95 23
1210 61 26
1211 32 26
1212 159 37
1213 149 51
1214 164 60
1215 58 34
1216 147 38
1217 89 30
1218 158 55
1219 49 41
1220 192 40
1221 163 36
1222 28 52
1223 160 25
1224 139 40
1225 80 25
1226 92 69
1227 153 57
1228 160 48
1229 238 56
1230 1262 167
1231 499 77
1232 81 32
1233 503 68
1234 180 63
1235 276 63
1236 97 49
1237 419 56
1238 212 67
1239 241 45
1240 142 30
1241 306 104
1242 65 38
1243 189 40
1244 149 33
1245 202 68
1246 139 45
1247 492 217
1248 168 48
1249 79 54
1250 185 44
1251 81 26
1252 319 63
1253 69 25
1254 167 35
1255 41 18
1256 166 55
1257 209 55
1258 147 77
1259 160 36
1260 175 40
1261 184 55
1262 169 47
1263 108 36
1264 193 66
1265 261 60
1266 151 27
1267 137 38
1268 101 44
1269 309 72
1270 57 128
1271 220 69
1272 227 67
1273 175 59
1274 77 35
1275 156 61
1276 85 41
1277 64 28
1278 87 29
1279 201 48
1280 177 34
1281 523 82
1282 117 26
1283 142 54
1284 218 42
1285 69 37
1286 242 73
1287 244 24
1288 105 41
1289 52 33
1290 234 45
1291 217 43
1292 52 71
1293 489 114
1294 79 52
1295 725 123
1296 449 159
1297 203 46
1298 37 62
1299 95 98
1300 181 35
1301 34 36
1302 85 50
1303 91 39
1304 362 86
1305 119 36
1306 301 52
1307 143 64
1308 161 68
1309 248 32
1310 338 70
1311 57 48
1312 475 78
1313 569 116
1314 233 43
1315 214 55
1316 497 100
1317 107 43
1318 242 41
1319 342 54
1320 95 26
1321 178 38
1322 966 208
1323 185 53
1324 234 64
1325 115 47
1326 197 74
1327 68 28
1328 43 38
1329 282 60
1330 228 56
1331 174 27
1332 91 31
1333 75 26
1334 176 74
1335 102 64
1336 190 50
1337 396 128
1338 147 41
1339 71 39
1340 332 48
1341 213 56
1342 922 141
1343 84 41
1344 77 45
1345 67 34
1346 231 58
1347 221 76
1348 392 107
1349 37 19
1350 86 63
1351 189 36
1352 165 39
1353 170 54
1354 147 41
1355 74 30
1356 266 41
1357 341 159
1358 182 55
1359 189 49
1360 438 79
1361 164 54
1362 130 24
1363 155 48
1364 285 70
1365 88 56
1366 138 62
1367 33 38
1368 105 32
1369 82 56
1370 1193 166
1371 133 59
1372 294 51
1373 128 122
1374 153 38
1375 130 31
1376 292 52
1377 204 67
1378 115 13
1379 202 56
1380 136 21
1381 40 49
1382 323 66
1383 180 64
1384 438 60
1385 106 51
1386 230 94
1387 191 51
1388 57 56
1389 102 29
1390 220 71
1391 140 38
1392 22 39
1393 157 38
1394 94 17
1395 105 46
1396 316 51
1397 75 41
1398 105 46
1399 85 41
1400 161 68
1401 202 30
1402 29 62
1403 89 58
1404 112 95
1405 202 34
1406 120 42
1407 78 31
1408 98 28
1409 94 24
1410 66 26
1411 187 18
1412 29 37
1413 64 28
1414 70 30
1415 143 78
1416 164 43
1417 170 75
1418 124 26
1419 140 44
1420 83 33
1421 143 36
1422 572 102
1423 183 35
1424 239 65
1425 1095 171
1426 48 55
1427 408 128
1428 253 66
1429 120 57
1430 85 41
1431 190 87
1432 176 58
1433 134 44
1434 155 25
1435 204 51
1436 90 49
1437 1126 152
1438 134 55
1439 123 66
1440 1134 108
1441 261 85
1442 441 84
1443 90 37
1444 71 10
1445 75 55
1446 183 57
1447 270 44
1448 89 35
1449 240 44
1450 156 37
1451 231 45
1452 123 33
1453 55 45
1454 390 63
1455 121 59
1456 387 45
1457 209 63
1458 36 29
1459 614 174
1460 212 29
1461 225 46
1462 100 30
1463 172 38
1464 118 58
1465 216 39
1466 37 15
1467 233 55
1468 385 89
1469 66 29
1470 746 96
1471 1219 140
1472 440 78
1473 81 22
1474 282 55
1475 167 45
1476 114 21
1477 128 38
1478 273 38
1479 190 39
1480 216 19
1481 269 86
1482 82 29
1483 424 70
1484 93 19
1485 424 77
1486 205 51
1487 280 81
1488 97 29
1489 191 72
1490 102 52
1491 189 56
1492 210 30
1493 53 18
1494 89 26
1495 121 16
1496 145 85
1497 129 25
1498 264 33
1499 604 63
1500 449 102
1501 177 28
1502 150 46
1503 190 29
1504 848 105
1505 172 34
1506 181 91
1507 263 44
1508 218 36
1509 187 34
1510 331 45
1511 207 26
1512 289 75
1513 216 30
1514 285 48
1515 35 92
1516 167 48
1517 135 46
1518 137 35
1519 95 52
1520 329 55
1521 185 63
1522 553 103
1523 301 54
1524 84 34
1525 121 53
1526 166 45
1527 183 53
1528 156 33
1529 482 73
1530 171 34
1531 217 22
1532 176 46
1533 112 40
1534 114 27
1535 351 60
1536 99 29
1537 66 25
1538 241 37
1539 506 78
1540 166 38
1541 347 69
1542 9 65
1543 292 21
1544 110 26
1545 734 111
1546 107 26
1547 41 14
1548 339 116
1549 160 24
1550 249 87
1551 109 28
1552 223 59
1553 133 19
1554 131 32
1555 444 93
1556 51 16
1557 272 61
1558 169 34
1559 78 28
1560 89 32
1561 292 75
1562 470 78
1563 31 4
1564 217 59
1565 57 7
1566 117 38
1567 211 50
1568 82 20
1569 221 47
1570 173 60
1571 122 60
1572 62 21
1573 64 23
1574 95 27
1575 196 61
1576 38 24
1577 304 64
1578 133 20
1579 129 63
1580 68 37
1581 63 20
1582 128 37
1583 114 33
1584 447 98
1585 235 43
1586 84 30
1587 129 41
1588 317 41
1589 153 57
1590 405 111
1591 234 83
1592 123 17
1593 100 21
1594 176 35
1595 244 32
1596 115 31
1597 101 34
1598 133 24
1599 196 98
1600 249 74
1601 57 40
1602 171 34
1603 193 26
1604 115 56
1605 188 49
1606 126 30
1607 183 38
1608 98 38
1609 931 106
1610 197 58
1611 116 37
1612 194 38
1613 144 39
1614 105 31
1615 157 48
1616 359 133
1617 131 31
1618 139 57
1619 320 51
1620 117 42
1621 22 33
1622 126 42
1623 68 35
1624 149 46
1625 168 22
1626 80 34
1627 153 25
1628 135 25
1629 100 20
1630 141 41
1631 45 5
1632 209 38
1633 465 55
1634 70 24
1635 64 36
1636 186 45
1637 171 30
1638 327 50
1639 308 49
1640 104 18
1641 143 33
1642 114 42
1643 41 54
1644 141 39
1645 65 39
1646 125 40
1647 77 47
1648 106 22
1649 69 25
1650 86 53
1651 135 24
1652 28 31
1653 72 17
1654 79 39
1655 97 34
1656 148 29
1657 192 66
1658 251 50
1659 377 56
1660 358 52
1661 209 20
1662 137 37
1663 171 24
1664 35 25
1665 241 88
1666 71 29
1667 74 38
1668 114 44
1669 199 29
1670 156 33
1671 162 25
1672 221 47
1673 148 87
1674 72 11
1675 249 63
1676 83 31
1677 64 18
1678 914 147
1679 335 56
1680 236 43
1681 106 45
1682 332 103
1683 163 36
1684 85 25
1685 140 37
1686 167 26
1687 95 37
1688 165 48
1689 733 49
1690 137 70
1691 117 26
1692 261 31
1693 202 49
1694 147 82
1695 250 41
1696 217 40
1697 144 31
1698 162 37
1699 149 73
1700 231 70
1701 104 28
1702 326 54
1703 130 52
1704 96 22
1705 48 44
1706 44 13
1707 210 50
1708 50 41
1709 125 42
1710 355 61
1711 168 35
1712 44 8
1713 137 28
1714 196 31
1715 506 111
1716 151 44
1717 72 83
1718 244 121
1719 352 64
1720 125 22
1721 181 18
1722 358 109
1723 154 31
1724 120 52
1725 124 62
1726 260 52
1727 144 36
1728 260 86
1729 75 34
1730 1988 303
1731 239 66
1732 196 92
1733 1489 177
1734 110 55
1735 260 53
1736 100 34
1737 175 26
1738 86 21
1739 502 67
1740 148 55
1741 126 17
1742 219 30
1743 48 32
1744 95 34
1745 155 26
1746 253 42
1747 34 24
1748 53 69
1749 124 36
1750 68 8
1751 83 29
1752 73 26
1753 277 31
1754 137 38
1755 238 71
1756 240 53
1757 83 50
1758 113 23
1759 139 146
1760 178 56
1761 353 42
1762 1207 121
1763 183 40
1764 405 65
1765 208 46
1766 69 37
1767 62 23
1768 117 40
1769 110 71
1770 114 26
1771 120 18
1772 77 47
1773 144 43
1774 159 39
1775 25 62
1776 120 21
1777 107 69
1778 224 28
1779 153 52
1780 402 64
1781 297 64
1782 450 122
1783 156 80
1784 132 50
1785 168 43
1786 149 37
1787 123 58
1788 318 99
1789 76 22
1790 159 34
1791 160 41
1792 56 29
1793 160 33
1794 144 93
1795 441 87
1796 164 31
1797 170 33
1798 80 10
1799 448 70
1800 267 61
1801 123 24
1802 484 97
1803 157 57
1804 72 25
1805 97 48
1806 155 32
1807 124 48
1808 240 51
1809 116 34
1810 393 68
1811 96 31
1812 409 58
1813 185 37
1814 175 46
1815 99 35
1816 76 55
1817 218 39
1818 157 27
1819 151 35
1820 201 59
1821 72 19
1822 19 15
1823 153 35
1824 150 51
1825 73 41
1826 127 43
1827 144 49
1828 94 41
1829 104 60
1830 193 57
1831 189 28
1832 159 40
1833 385 68
1834 243 36
1835 66 60
1836 319 40
1837 114 38
1838 193 39
1839 328 101
1840 84 26
1841 220 60
1842 155 37
1843 90 26
1844 342 71
1845 529 152
1846 383 90
1847 102 59
1848 254 87
1849 138 74
1850 287 78
1851 53 30
1852 74 25
1853 63 26
1854 97 40
1855 100 38
1856 88 19
1857 74 31
1858 51 30
1859 347 46
1860 350 56
1861 600 56
1862 162 31
1863 182 66
1864 298 31
1865 87 28
1866 107 36
1867 1012 131
1868 87 28
1869 79 18
1870 169 65
1871 112 31
1872 186 47
1873 39 18
1874 81 46
1875 776 233
1876 206 29
1877 217 66
1878 61 57
1879 326 67
1880 197 38
1881 170 58
1882 99 33
1883 325 107
1884 414 69
1885 82 34
1886 142 33
1887 116 44
1888 65 39
1889 139 26
1890 109 38
1891 116 17
1892 64 32
1893 1065 162
1894 60 13
1895 137 49
1896 136 28
1897 184 59
1898 210 45
1899 298 75
1900 108 24
1901 113 30
1902 144 43
1903 432 107
1904 213 53
1905 182 35
1906 150 30
1907 92 15
1908 181 40
1909 109 10
1910 101 42
1911 167 45
1912 26 48
1913 212 72
1914 176 27
1915 386 43
1916 214 49
1917 95 11
1918 224 64
1919 193 52
1920 128 35
1921 403 67
1922 93 58
1923 79 36
1924 188 69
1925 60 34
1926 22 12
1927 20 51
1928 113 32
1929 101 38
1930 234 30
1931 216 43
1932 189 42
1933 185 46
1934 80 24
1935 130 47
1936 561 96
1937 121 27
1938 184 58
1939 60 74
1940 96 37
1941 146 104
1942 144 27
1943 150 30
1944 183 38
1945 134 45
1946 110 28
1947 278 76
1948 75 31
1949 247 78
1950 163 49
1951 82 33
1952 58 36
1953 23 16
1954 177 103
1955 93 42
1956 136 41
1957 71 31
1958 688 112
1959 689 111
1960 146 108
1961 60 52
1962 118 22
1963 96 37
1964 107 53
1965 200 37
1966 19 27
1967 157 102
1968 572 114
1969 107 53
1970 136 39
1971 126 47
1972 411 100
1973 72 25
1974 211 39
1975 143 25
1976 143 32
1977 104 23
1978 66 40
1979 230 76
1980 127 64
1981 1965 345
1982 216 85
1983 1155 134
1984 396 59
1985 294 60
1986 548 193
1987 111 18
1988 46 25
1989 217 55
1990 155 72
1991 108 56
1992 183 38
1993 258 56
1994 192 28
1995 132 39
1996 99 37
1997 238 43
1998 190 40
1999 170 52
2000 1857 344
2001 400 70
2002 357 95
2003 666 79
2004 350 77
2005 124 53
2006 1494 168
2007 234 57
2008 125 22
2009 219 36
2010 203 52
2011 154 26
2012 153 38
2013 259 43
2014 350 58
2015 130 18
2016 102 19
2017 329 32
2018 233 27
2019 325 44
2020 403 154
2021 428 56
2022 318 53
2023 171 56
2024 244 23
2025 149 45
2026 129 33
2027 74 70
2028 200 18
2029 57 27
2030 1253 145
2031 297 34
2032 77 30
2033 76 24
2034 136 31
2035 28 6
2036 104 16
2037 83 31
2038 48 16
2039 234 39
2040 258 47
2041 179 35
2042 112 39
2043 120 28
2044 127 32
2045 251 100
2046 210 36
2047 257 48
2048 213 53
2049 304 43
2050 172 40
2051 92 25
2052 151 17
2053 520 84
2054 189 57
2055 243 62
2056 59 31
2057 206 23
2058 208 47
2059 321 37
2060 95 24
2061 326 44
2062 250 49
2063 414 100
2064 92 33
2065 101 9
2066 249 25
2067 131 18
2068 8 25
2069 245 38
2070 291 56
2071 172 23
2072 371 54
2073 107 26
2074 105 23
2075 391 38
2076 307 34
2077 147 25
2078 403 69
2079 163 22
2080 146 17
2081 52 16
2082 179 42
2083 76 32
2084 135 16
2085 441 135
2086 170 44
2087 86 43
2088 115 25
2089 270 62
2090 342 92
2091 259 42
2092 216 39
2093 219 50
2094 330 38
2095 306 31
2096 66 21
2097 46 19
2098 158 32
2099 324 76
2100 239 86
2101 182 38
2102 181 37
2103 73 15
2104 103 31
2105 171 32
2106 255 70
2107 289 35
2108 94 17
2109 131 23
2110 66 28
2111 592 139
2112 281 51
2113 113 24
2114 48 20
2115 341 56
2116 84 38
2117 185 35
2118 380 67
2119 64 15
2120 193 34
2121 162 63
2122 109 24
2123 215 53
2124 227 44
2125 43 15
2126 126 46
2127 177 21
2128 259 79
2129 43 37
2130 98 39
2131 172 24
2132 158 30
2133 324 41
2134 165 45
2135 234 49
2136 264 42
2137 629 183
2138 134 29
2139 103 30
2140 342 195
2141 114 22
2142 35 31
2143 72 17
2144 82 39
2145 135 95
2146 255 61
2147 90 13
2148 162 28
2149 72 17
2150 65 17
2151 236 39
2152 227 32
2153 138 17
2154 145 31
2155 88 25
2156 91 80
2157 81 31
2158 226 36
2159 123 35
2160 153 35
2161 199 35
2162 118 41
2163 68 37
2164 79 32
2165 340 94
2166 193 42
2167 38 45
2168 66 25
2169 177 36
2170 302 87
2171 74 16
2172 265 42
2173 83 48
2174 198 30
2175 97 17
2176 94 37
2177 97 25
2178 94 34
2179 114 11
2180 126 23
2181 72 27
2182 2 0
2183 125 29
2184 67 19
2185 169 26
2186 131 29
2187 87 36
2188 247 65
2189 49 38
2190 340 29
2191 403 39
2192 66 48
2193 387 76
2194 74 33
2195 188 41
2196 93 26
2197 268 72
2198 51 19
2199 53 21
2200 348 37
2201 198 32
2202 29 9
2203 373 57
2204 233 37
2205 53 13
2206 443 90
2207 495 54
2208 32 22
2209 73 12
2210 162 35
2211 246 32
2212 123 218
2213 207 37
2214 127 20
2215 85 25
2216 27 32
2217 545 65
2218 95 22
2219 241 54
2220 22 39
2221 275 31
2222 257 77
2223 182 40
2224 103 23
2225 111 25
2226 118 34
2227 83 14
2228 242 38
2229 50 31
2230 106 38
2231 51 10
2232 305 44
2233 71 37
2234 108 8
2235 113 8
2236 156 64
2237 168 70
2238 130 32
2239 95 25
2240 73 23
2241 224 32
2242 82 29
2243 71 47
2244 59 22
2245 92 21
2246 117 29
2247 85 29
2248 65 20
2249 73 27
2250 144 44
2251 212 42
2252 76 21
2253 51 17
2254 2 0
2255 194 67
2256 635 76
2257 240 47
2258 223 33
2259 104 31
2260 49 42
2261 22 21
2262 46 24
2263 168 45
2264 650 94
2265 229 26
2266 47 9
2267 107 16
2268 289 86
2269 229 34
2270 255 59
2271 279 37
2272 211 35
2273 529 57
2274 98 19
2275 87 10
2276 25 14
2277 64 14
2278 67 18
2279 60 20
2280 118 35
2281 144 22
2282 307 30
2283 72 18
2284 259 38
2285 74 8
2286 71 23
2287 214 27
2288 176 32
2289 210 45
2290 88 18
2291 29 19
2292 185 27
2293 312 70
2294 36 36
2295 816 92
2296 122 20
2297 24 26
2298 177 30
2299 35 30
2300 410 44
2301 160 64
2302 34 7
2303 189 33
2304 269 37
2305 295 43
2306 276 43
2307 202 21
2308 288 61
2309 201 20
2310 316 55
2311 143 33
2312 82 16
2313 72 14
2314 221 32
2315 249 41
2316 1266 135
2317 2028 396
2318 48 28
2319 88 36
2320 86 53
2321 71 31
2322 184 36
2323 194 70
2324 112 34
2325 70 25
2326 22 22
2327 48 22
2328 94 28
2329 254 32
2330 109 27
2331 319 46
2332 261 41
2333 97 31
2334 127 50
2335 133 19
2336 181 45
2337 606 105
2338 321 57
2339 192 29
2340 23 22
2341 94 51
2342 141 49
2343 462 54
2344 58 26
2345 78 29
2346 42 19
2347 18 14
2348 114 14
2349 35 23
2350 199 9
2351 119 43
2352 105 21
2353 225 34
2354 210 27
2355 60 20
2356 62 10
2357 608 117
2358 251 56
2359 99 40
2360 248 53
2361 192 32
2362 146 74
2363 18 33
2364 93 20
2365 182 49
2366 128 37
2367 128 46
2368 82 24
2369 80 25
2370 52 12
2371 164 39
2372 116 22
2373 81 40
2374 57 10
2375 31 11
2376 147 39
2377 60 10
2378 60 42
2379 95 20
2380 222 40
2381 23 27
2382 16 16
2383 81 34
2384 212 33
2385 179 34
2386 34 15
2387 55 15
2388 55 40
2389 29 22
2390 75 27
2391 162 27
2392 19 25
2393 179 39
2394 34 7
2395 97 16
2396 174 36
2397 53 16
2398 190 33
2399 795 104
2400 244 30
2401 238 36
2402 145 34
2403 190 23
2404 162 32
2405 87 18
2406 392 60
2407 100 27
2408 299 56
2409 227 31
2410 220 42
2411 171 20
2412 291 37
2413 164 27
2414 77 35
2415 79 11
2416 191 37
2417 196 25
2418 56 8
2419 450 59
2420 422 75
2421 40 35
2422 148 29
2423 123 26
2424 361 71
2425 119 44
2426 114 21
2427 112 52
2428 254 30
2429 82 21
2430 155 55
2431 40 17
2432 314 57
2433 252 143
2434 67 14
2435 60 31
2436 87 31
2437 77 18
2438 102 27
2439 970 95
2440 137 46
2441 59 14
2442 149 42
2443 87 16
2444 85 16
2445 252 35
2446 70 13
2447 56 22
2448 102 50
2449 95 25
2450 27 22
2451 125 40
2452 57 17
2453 138 33
2454 49 6
2455 65 34
2456 193 30
2457 84 12
2458 132 31
2459 215 52
2460 364 62
2461 154 55
2462 103 17
2463 48 17
2464 215 33
2465 85 15
2466 110 53
2467 165 33
2468 86 36
2469 50 22
2470 236 44
2471 85 24
2472 297 59
2473 77 40
2474 216 23
2475 67 19
2476 58 26
2477 138 25
2478 187 50
2479 48 27
2480 542 71
2481 295 30
2482 56 21
2483 201 36
2484 104 28
2485 62 33
2486 86 24
2487 137 39
2488 77 17
2489 118 19
2490 208 19
2491 194 57
2492 65 18
2493 186 31
2494 248 69
2495 83 14
2496 185 43
2497 99 19
2498 200 24
2499 144 38
2500 196 40
2501 349 50
2502 32 27
2503 82 29
2504 159 30
2505 334 81
2506 67 33
2507 195 25
2508 431 58
2509 84 13
2510 154 26
2511 144 27
2512 135 24
2513 319 45
2514 66 29
2515 208 72
2516 134 28
2517 102 23
2518 90 23
2519 198 29
2520 17 8
2521 4422 529
2522 261 39
2523 212 80
2524 127 21
2525 167 37
2526 87 17
2527 193 45
2528 168 58
2529 83 19
2530 80 28
2531 135 49
2532 78 33
2533 73 15
2534 36 36
2535 193 36
2536 89 16
2537 197 37
2538 23 14
2539 209 25
2540 266 39
2541 116 14
2542 115 37
2543 72 17
2544 52 3
2545 119 38
2546 65 19
2547 373 54
2548 229 22
2549 83 20
2550 68 28
2551 65 20
2552 176 27
2553 288 47
2554 59 26
2555 72 25
2556 179 31
2557 684 101
2558 194 19
2559 205 48
2560 78 17
2561 47 18
2562 138 27
2563 30 18
2564 32 28
2565 278 52
2566 68 15
2567 50 12
2568 10 40
2569 73 22
2570 78 35
2571 505 96
2572 24 17
2573 85 43
2574 108 36
2575 50 9
2576 232 31
2577 79 22
2578 355 57
2579 104 33
2580 87 17
2581 214 33
2582 109 23
2583 46 12
2584 239 39
2585 202 24
2586 153 44
2587 26 9
2588 79 12
2589 88 25
2590 92 34
2591 116 25
2592 69 31
2593 73 12
2594 119 20
2595 38 46
2596 41 10
2597 244 81
2598 463 59
2599 648 38
2600 172 53
2601 38 9
2602 878 136
2603 92 29
2604 73 16
2605 38 12
2606 67 21
2607 1 0
2608 76 35
2609 46 33
2610 1 0
2611 65 27
2612 194 23
2613 68 20
2614 452 62
2615 190 84
2616 133 17
2617 129 18
2618 18 17
2619 27 24
2620 165 36
2621 114 20
2622 275 29
2623 102 49
2624 262 66
2625 81 22
2626 101 18
2627 178 37
2628 45 8
2629 132 45
2630 149 33
2631 139 46
2632 266 38
2633 95 15
2634 138 19
2635 233 55
2636 167 51
2637 47 32
2638 80 19
2639 576 75
2640 90 26
2641 47 16
2642 45 29
2643 146 23
2644 94 17
2645 118 29
2646 132 25
2647 49 15
2648 46 19
2649 111 27
2650 86 17
2651 85 12
2652 64 45
2653 34 24
2654 69 25
2655 43 32
2656 62 50
2657 76 21
2658 97 16
2659 78 13
2660 262 21
2661 155 25
2662 1196 117
2663 147 28
2664 292 44
2665 100 22
2666 29 27
2667 63 23
2668 110 14
2669 608 94
2670 196 29
2671 33 25
2672 65 11
2673 176 40
2674 14 18
2675 155 15
2676 42 13
2677 131 31
2678 114 18
2679 279 32
2680 196 54
2681 11 23
2682 632 105
2683 87 8
2684 104 18
2685 103 30
2686 309 46
2687 28 11
2688 86 39
2689 134 25
2690 115 26
2691 42 24
2692 97 16
2693 74 22
2694 53 12
2695 98 32
2696 116 32
2697 80 26
2698 139 39
2699 146 39
2700 528 91
2701 288 53
2702 411 76
2703 304 37
2704 12 10
2705 89 15
2706 118 37
2707 97 21
2708 262 21
2709 108 25
2710 187 30
2711 142 27
2712 289 47
2713 180 23
2714 123 40
2715 58 22
2716 163 21
2717 142 28
2718 1114 203
2719 619 176
2720 93 18
2722 22 35
2723 38 12
2724 58 11
2725 85 16
2726 218 39
2727 190 46
2728 189 29
2729 131 30
2730 249 57
2731 250 49
2732 157 32
2733 237 52
2734 112 22
2735 138 44
2736 201 68
2737 243 51
2738 92 24
2739 119 36
2740 609 73
2741 123 53
2742 80 16
2743 70 23
2744 23 6
2745 62 17
2746 352 100
2747 665 137
2748 46 14
2749 61 21
2750 222 24
2751 136 29
2752 62 26
2753 113 23
2754 37 11
2755 98 22
2756 73 34
2757 53 27
2758 86 23
2759 102 16
2760 93 22
2761 117 54
2762 293 50
2763 152 25
2764 202 28
2765 29 15
2766 85 11
2767 18 17
2768 116 23
2769 39 29
2770 232 23
2771 494 51
2772 203 31
2773 57 32
2774 498 51
2775 133 39
2776 270 60
2777 160 49
2778 110 18
2779 269 43
2780 186 33
2781 110 13
2782 122 31
2783 114 28
2784 112 26
2785 176 34
2786 447 61
2787 32 25
2788 248 45
2789 55 33
2790 368 48
2791 132 30
2792 121 19
2793 13 18
2794 89 32
2795 54 14
2796 20 16
2797 170 30
2798 355 118
2799 88 34
2800 451 69
2801 44 7
2802 67 12
2803 180 43
2804 89 17
2805 310 52
2806 164 22
2807 54 18
2808 145 38
2809 36 18
2810 222 38
2811 51 16
2812 186 24
2813 120 20
2814 181 30
2815 206 51
2816 266 64
2817 143 24
2818 230 35
2819 148 26
2820 348 41
2821 220 39
2822 128 26
2823 91 12
2824 80 34
2825 55 20
2826 151 31
2827 54 18
2828 259 63
2829 114 16
2830 153 23
2831 31 11
2832 43 24
2833 112 42
2834 46 16
2835 222 75
2836 28 9
2837 50 18
2838 229 35
2839 209 24
2840 81 24
2841 65 13
2842 205 60
2843 25 10
2844 216 43
2845 509 168
2846 260 56
2847 172 37
2848 25 56
2849 82 19
2850 27 24
2851 454 35
2852 615 79
2853 128 52
2854 55 25
2855 205 20
2856 167 23
2857 71 41
2858 186 37
2859 20 11
2860 200 57
2861 36 18
2862 109 23
2863 183 31
2864 247 37
2865 208 42
2866 83 19
2867 50 32
2868 36 28
2869 67 20
2870 152 32
2871 56 23
2872 182 51
2873 142 19
2874 320 31
2875 649 138
2876 192 26
2877 37 15
2878 101 30
2879 36 13
2880 88 25
2881 386 44
2882 151 25
2883 45 25
2884 242 39
2885 144 23
2886 296 53
2887 66 12
2888 168 32
2889 123 22
2890 85 43
2891 39 19
2892 38 11
2893 87 12
2894 108 67
2895 114 20
2896 47 15
2897 246 21
2898 85 20
2899 45 32
2900 316 36
2901 209 33
2902 258 73
2903 25 13
2904 113 30
2905 130 26
2906 72 33
2907 85 22
2908 32 9
2909 110 31
2910 98 21
2911 85 29
2912 286 24
2913 251 35
2914 151 34
2915 470 87
2916 151 17
2917 77 45
2918 127 38
2919 116 26
2920 104 22
2921 65 13
2922 470 74
2923 208 49
2924 102 30
2925 118 30
2926 46 20
2927 83 18
2928 194 56
2929 65 41
2930 293 75
2931 59 19
2932 428 54
2933 346 34
2934 148 19
2935 1572 320
2936 81 37
2937 60 29
2938 99 70
2939 257 45
2940 110 50
2941 260 62
2942 67 14
2943 47 12
2944 186 38
2945 84 16
2946 107 37
2947 62 8
2948 96 39
2949 126 24
2950 668 64
2951 303 36
2952 600 130
2953 84 18
2954 95 20
2955 79 17
2956 107 22
2957 97 39
2958 33 6
2959 194 64
2960 269 44
2961 98 20
2962 93 40
2963 112 18
2964 168 15
2965 115 25
2966 141 30
2967 179 37
2968 65 17
2969 77 28
2970 146 22
2971 140 32
2972 186 17
2973 87 39
2974 78 25
2975 223 75
2976 70 14
2977 110 20
2978 181 38
2979 253 54
2980 380 42
2981 223 33
2982 136 58
2983 107 17
2984 121 27
2985 127 37
2986 112 34
2987 284 44
2988 190 29
2989 107 19
2990 84 24
2991 324 81
2992 107 32
2993 88 42
2994 61 37
2995 233 29
2996 314 80
2997 127 20
2998 1144 196
2999 457 155
3000 1919 270
3001 1899 257
3002 910 140
3003 753 182
3004 527 82
3005 554 82
3006 403 118
3007 723 122
3008 2377 274
3009 352 88
3010 190 52
3011 148 37
3012 191 56
3013 90 22
3014 37 16
3015 82 59
3016 107 20
3017 317 55
3018 112 27
3019 87 22
3020 397 72
3021 315 36
3022 335 48
3023 249 45
3024 134 17
3025 55 26
3026 122 19
3027 319 33
3028 86 28
3029 257 76
3030 147 27
3031 285 51
3032 102 19
3033 164 22
3034 642 98
3035 369 57
3036 119 15
3037 107 14
3038 36 7
3039 97 17
3040 60 18
3041 385 44
3042 80 39
3043 482 68
3044 160 16
3045 515 71
3046 134 66
3047 63 11
3048 62 36
3049 304 46
3050 105 24
3051 132 26
3052 294 31
3053 102 20
3054 284 49
3055 156 23
3056 61 11
3057 167 40
3058 20 10
3059 109 25
3060 213 40
3061 79 9
3062 82 18
3063 249 60
3064 24 9
3065 64 16
3066 80 10
3067 64 8
3068 109 19
3069 208 42
3070 122 13
3071 8 11
3072 115 14
3073 62 22
3074 321 57
3075 1 0
3076 50 6
3077 72 11
3078 524 60
3079 164 15
3080 103 30
3081 164 24
3082 218 33
3083 33 13
3084 241 29
3085 197 31
3086 130 35
3087 112 14
3088 333 23
3089 131 23
3090 248 83
3091 111 19
3092 214 31
3093 32 23
3094 72 21
3095 261 47
3096 199 24
3097 53 16
3098 136 16
3099 1 0
3100 164 31
3101 1 0
3102 23 10
3103 38 6
3104 191 25
3105 2 9
3106 69 16
3107 97 26
3108 428 77
3109 88 17
3110 65 7
3111 102 25
3112 67 16
3113 74 11
3114 186 23
3115 55 24
3116 136 18
3117 274 50
3118 150 46
3119 19 18
3120 144 18
3121 102 21
3122 212 18
3123 184 32
3124 85 12
3125 901 122
3126 79 30
3127 282 35
3128 338 70
3129 64 18
3130 56 19
3131 87 27
3132 79 18
3133 289 33
3134 31 3
3135 135 14
3136 89 12
3137 165 24
3138 158 9
3139 74 24
3140 130 25
3141 119 32
3142 121 25
3143 328 35
3144 31 25
3145 293 38
3146 43 19
3147 74 11
3148 115 26
3149 106 18
3150 211 27
3151 37 6
3152 15 11
3153 140 13
3154 198 31
3155 83 13
3156 53 10
3157 29 24
3158 45 15
3159 246 36
3160 250 22
3161 77 17
3162 97 16
3163 89 15
3164 27 8
3165 126 25
3166 515 68
3167 118 19
3168 58 13
3169 186 53
3170 45 6
3171 480 63
3172 71 4
3173 13 18
3174 107 18
3175 107 32
3176 175 25
3177 84 11
3178 41 6
3179 180 16
3180 51 17
3181 194 59
3182 76 10
3183 78 36
3184 50 18
3185 125 14
3186 181 23
3187 81 9
3188 109 12
3189 44 8
3190 59 9
3191 151 21
3192 69 21
3193 34 10
3194 52 15
3195 39 7
3196 38 4
3197 164 14
3198 108 24
3199 746 110
3200 403 62
3201 497 78
3202 55 13
3203 53 45
3204 7 9
3205 56 10
3206 70 13
3207 100 13
3208 127 13
3209 231 15
3210 111 44
3211 611 53
3212 65 16
3213 686 68
3214 18 8
3215 23 23
3216 27 10
3217 57 5
3218 33 9
3219 218 38
3220 311 44
3221 178 23
3222 221 37
3223 91 38
3224 72 14
3225 44 7
3226 133 31
3227 19 8
3228 47 10
3229 23 15
3230 55 6
3231 57 18
3232 39 17
3233 75 19
3234 70 14
3235 25 7
3236 1 0
3237 136 12
3238 215 53
3239 19 2
3240 350 77
3241 344 79
3242 56 21
3243 127 70
3244 98 15
3245 39 13
3246 117 27
3247 111 35
3248 44 11
3249 85 46
3250 385 66
3251 51 7
3252 50 17
3253 23 5
3254 80 6
3255 72 8
3256 128 24
3257 56 18
3258 41 7
3259 61 18
3260 47 12
3261 20 9
3262 32 7
3263 125 14
3264 82 16
3265 1 0
3266 14 8
3267 83 11
3268 34 17
3269 51 17
3270 78 22
3271 90 5
3272 260 46
3273 18 12
3274 54 7
3275 150 47
3276 56 19
3277 60 13
3278 55 11
3279 121 11
3280 432 59
3281 133 26
3282 40 13
3283 39 14
3284 59 8
3285 65 13
3286 37 12
3287 244 36
3288 325 94
3289 14 25
3290 46 19
3291 25 11
3292 54 10
3293 138 22
3294 95 21
3295 125 17
3296 99 12
3297 48 4
3298 66 14
3299 226 21
3300 564 84
3301 676 108
3302 119 22
3303 66 17
3304 130 20
3305 351 66
3306 144 22
3307 97 28
3308 45 16
3309 621 132
3310 145 13
3311 216 42
3312 424 103
3313 131 55
3314 51 7
3315 120 20
3316 193 39
3317 80 36
3318 259 32
3319 297 32
3320 77 10
3321 58 33
3322 85 24
3323 158 16
3324 53 9
3325 123 36
3326 20 9
3327 80 10
3328 50 7
3329 141 17
3330 54 22
3331 156 27
3332 49 11
3333 894 151
3334 111 26
3335 55 11
3336 216 16
3337 71 15
3338 320 103
3339 141 32
3340 349 45
3341 81 14
3342 87 15
3343 54 16
3344 204 34
3345 33 13
3346 31 7
3347 36 7
3348 27 17
3349 147 34
3350 13 9
3351 56 30
3352 226 47
3353 100 33
3354 7 19
3355 258 33
3356 27 11
3357 88 24
3358 50 16
3359 72 17
3360 134 19
3361 114 18
3362 140 17
3363 82 9
3364 17 10
3365 52 12
3366 97 14
3367 129 19
3368 61 17
3369 68 8
3370 123 16
3371 55 14
3372 33 6
3373 87 44
3374 68 28
3375 140 34
3376 43 8
3377 87 27
3378 24 9
3379 249 45
3380 2 0
3381 53 12
3382 117 16
3383 97 21
3384 58 17
3385 75 18
3386 59 14
3387 35 12
3388 391 36
3389 26 12
3390 49 50
3391 91 19
3392 31 11
3393 831 76
3394 67 10
3395 18 13
3396 297 28
3397 40 6
3398 66 17
3399 157 25
3400 75 8
3401 46 16
3402 21 4
3403 62 8
3404 94 20
3405 43 14
3406 194 48
3407 99 19
3408 230 51
3409 66 17
3410 56 13
3411 43 17
3412 16 10
3413 195 38
3414 113 7
3415 118 18
3416 77 11
3417 121 12
3418 48 6
3419 12 5
3420 171 30
3421 97 18
3422 96 7
3423 24 25
3424 143 16
3425 85 13
3426 186 18
3427 41 6
3428 26 6
3429 34 23
3430 111 26
3431 119 49
3432 38 5
3433 36 20
3434 146 40
3435 192 48
3436 60 11
3437 28 14
3438 11 4
3439 58 10
3440 142 11
3441 102 12
3442 122 23
3443 191 20
3444 156 31
3445 35 18
3446 51 12
3447 47 20
3448 425 55
3449 278 56
3450 396 84
3451 53 9
3452 5 6
3453 50 24
3454 223 51
3455 211 29
3456 405 54
3457 120 13
3458 12 11
3459 39 16
3460 84 15
3461 69 12
3462 74 12
3463 106 34
3464 74 22
3465 159 25
3466 240 41
3467 75 10
3468 6 10
3469 42 17
3470 177 31
3471 23 7
3472 15 4
3473 24 8
3474 55 15
3475 124 17
3476 30 10
3477 248 41
3478 117 13
3479 42 18
3480 331 33
3481 40 7
3482 58 15
3483 62 12
3484 387 28
3485 82 27
3486 95 28
3487 95 20
3488 80 9
3489 43 11
3490 69 6
3491 67 42
3492 189 21
3493 235 27
3494 296 62
3495 40 5
3496 74 19
3497 100 17
3498 25 4
3499 22 2
3500 173 75
3501 96 17
3502 102 14
3503 57 25
3504 123 13
3505 126 17
3506 67 9
3507 43 9
3508 114 26
3509 18 13
3510 45 13
3511 177 25
3512 439 107
3513 317 61
3514 94 15
3515 381 45
3516 56 4
3517 148 44
3518 24 7
3519 660 177
3520 88 27
3521 586 67
3522 10 6
3523 6 8
3524 55 33
3525 138 19
3526 68 10
3527 45 22
3528 71 20
3529 258 28
3530 112 17
3531 94 13
3532 40 16
3533 88 18
3534 76 20
3535 46 7
3536 130 14
3537 67 8
3538 73 14
3539 66 10
3540 223 38
3541 53 4
3542 105 14
3543 45 3
3544 28 18
3545 99 20
3546 172 25
3547 50 4
3548 70 8
3549 82 8
3550 56 25
3551 110 18
3552 37 7
3553 160 24
3554 114 22
3555 120 20
3556 153 18
3557 224 30
3558 73 32
3559 86 13
3560 227 41
3561 164 29
3562 300 29
3563 72 20
3564 105 12
3565 50 9
3566 116 15
3567 29 8
3568 36 6
3569 50 26
3570 145 19
3571 31 10
3572 19 13
3573 133 18
3574 40 9
3575 68 13
3576 28 4
3577 94 17
3578 22 8
3579 69 22
3580 7 8
3581 58 17
3582 35 4
3583 161 21
3584 65 9
3585 56 13
3586 59 14
3587 53 6
3588 130 16
3589 195 34
3590 26 9
3591 127 14
3592 54 6
3593 95 6
3594 66 13
3595 39 5
3596 69 17
3597 194 18
3598 62 26
3599 68 15
3600 173 17
3601 101 24
3602 129 21
3603 42 9
3604 189 43
3605 56 7
3606 88 24
3607 64 15
3608 68 15
3609 163 42
3610 77 21
3611 38 6
3612 84 21
3613 120 12
3614 57 9
3615 83 11
3616 45 23
3617 83 14
3618 40 8
3619 79 15
3620 228 47
3621 147 28
3622 65 46
3623 33 15
3624 26 16
3625 108 130
3626 537 51
3627 29 4
3628 16 10
3629 1 0
3630 35 4
3631 43 6
3632 74 7
3633 151 38
3634 117 17
3635 37 13
3636 340 73
3637 279 28
3638 105 11
3639 40 6
3640 213 33
3641 31 13
3642 32 4
3643 44 4
3644 40 5
3645 20 6
3646 37 10
3647 21 3
3648 35 2
3649 103 37
3650 85 15
3651 66 11
3652 58 18
3653 47 12
3654 53 5
3655 51 20
3656 53 12
3657 52 11
3658 29 6
3659 96 18
3660 140 34
3661 61 15
3662 252 23
3663 173 24
3664 152 25
3665 104 24
3666 60 18
3667 275 43
3668 69 15
3669 48 12
3670 116 31
3671 648 50
3672 80 19
3673 70 15
3674 41 9
3675 74 15
3676 99 24
3677 33 130
3678 28 6
3679 31 7
3680 34 14
3681 21 8
3682 166 48
3683 106 14
3684 1 0
3685 18 5
3686 51 11
3687 25 10
3688 412 76
3689 282 43
3690 69 18
3691 47 21
3692 5 15
3693 261 40
3694 83 11
3695 39 3
3696 36 16
3697 118 36
3698 9 7
3699 143 18
3700 260 58
3701 27 5
3702 80 12
3703 113 20
3704 25 10
3705 33 3
3706 70 6
3707 176 39
3708 86 7
3709 96 12
3710 81 20
3711 34 8
3712 34 4
3713 168 32
3714 26 8
3715 193 26
3716 111 17
3717 219 30
3718 66 10
3719 72 10
3720 42 3
3721 156 15
3722 92 18
3723 112 26
3724 13 10
3725 55 6
3726 36 18
3727 37 12
3728 116 22
3729 36 8
3730 87 9
3731 226 49
3732 130 10
3733 283 24
3734 75 16
3735 38 10
3736 35 11
3737 278 33
3738 93 15
3739 203 33
3740 647 81
3741 148 16
3742 29 2
3743 46 4
3744 138 25
3745 61 10
3746 82 20
3747 121 17
3748 72 15
3749 113 21
3750 90 9
3751 13 8
3752 14 6
3753 202 29
3754 69 15
3755 45 7
3756 75 15
3757 99 11
3758 189 18
3759 119 18
3760 178 29
3761 139 18
3762 61 20
3763 30 7
3764 82 20
3765 49 16
3766 55 2
3767 150 22
3768 130 15
3769 25 10
3770 33 8
3771 56 9
3772 146 24
3773 161 14
3774 327 76
3775 17 8
3776 110 18
3777 90 13
3778 38 10
3779 50 6
3780 312 27
3781 26 7
3782 42 14
3783 18 10
3784 45 3
3785 140 29
3786 55 10
3787 95 13
3788 144 12
3789 84 7
3790 424 91
3791 51 16
3792 44 10
3793 11 6
3794 216 61
3795 58 12
3796 18 16
3797 208 16
3798 43 24
3799 480 44
3800 27 23
3801 25 6
3802 183 39
3803 184 28
3804 58 8
3805 37 15
3806 194 25
3807 123 19
3808 161 17
3809 127 42
3810 21 13
3811 93 13
3812 521 78
3813 183 97
3814 37 10
3815 51 32
3816 49 21
3817 194 14
3818 19 11
3819 52 9
3820 27 7
3821 25 5
3822 12 7
3823 41 4
3824 41 7
3825 38 14
3826 33 11
3827 61 6
3828 21 7
3829 45 6
3830 29 13
3831 23 5
3832 64 20
3833 66 14
3834 81 14
3835 17 1
3836 134 36
3837 3 29
3838 287 35
3839 83 18
3840 145 18
3841 224 24
3842 16 11
3843 130 13
3844 345 48
3845 86 12
3846 56 13
3847 74 6
3848 313 36
3849 101 12
3850 134 11
3851 48 5
3852 44 4
3853 46 5
3854 65 12
3855 84 8
3856 251 38
3857 34 10
3858 77 16
3859 91 20
3860 128 38
3861 55 16
3862 76 4
3863 124 27
3864 175 32
3865 61 5
3866 318 29
3867 228 40
3868 82 15
3869 82 19
3870 59 12
3871 91 16
3872 127 25
3873 25 7
3874 110 14
3875 34 11
3876 14 5
3877 36 20
3878 101 19
3879 102 25
3880 277 26
3881 121 14
3882 132 15
3883 286 40
3884 177 23
3885 276 39
3886 61 8
3887 178 14
3888 66 24
3889 208 20
3890 307 39
3891 78 13
3892 202 35
3893 98 10
3894 115 14
3895 133 18
3896 104 14
3897 111 13
3898 131 9
3899 219 27
3900 520 65
3901 128 27
3902 207 46
3903 98 15
3904 146 19
3905 68 19
3906 70 7
3907 34 14
3908 368 31
3909 95 32
3910 129 28
3911 57 9
3912 53 11
3913 57 17
3914 54 14
3915 86 33
3916 97 8
3917 20 10
3918 1 0
3919 58 4
3920 74 5
3921 23 2
3922 489 81
3923 63 8
3924 40 4
3925 116 25
3926 33 13
3927 70 14
3928 92 14
3929 1 0
3930 1088 108
3931 24 10
3932 164 32
3933 205 26
3934 235 23
3935 477 97
3936 361 29
3937 49 7
3938 59 15
3939 738 73
3940 151 14
3941 150 19
3942 435 89
3943 142 14
3944 17 16
3945 24 7
3946 36 5
3947 59 33
3948 35 5
3949 439 98
3950 125 28
3951 40 13
3952 46 11
3953 40 5
3954 13 4
3955 67 19
3956 55 11
3957 27 20
3958 29 19
3959 156 27
3960 167 21
3961 64 17
3962 31 5
3963 158 29
3964 67 15
3965 42 21
3966 498 98
3967 26 6
3968 65 12
3969 167 37
3970 219 37
3971 14 11
3972 219 31
3973 245 45
3974 45 12
3975 90 14
3976 21 13
3977 172 24
3978 32 12
3979 164 19
3980 351 64
3981 28 17
3982 100 20
3983 145 15
3984 336 36
3985 119 42
3986 153 14
3987 32 8
3988 143 24
3989 301 58
3990 109 17
3991 27 11
3992 88 20
3993 134 60
3994 122 18
3995 117 16
3996 88 19
3997 187 21
3998 355 48
3999 1942 457
4000 2044 374
4001 818 92
4002 360 45
4003 359 67
4004 311 249
4005 333 59
4006 457 69
4007 317 50
4008 375 36
4009 168 24
4010 418 60
4011 321 23
4012 183 63
4013 100 32
4014 117 30
4015 119 32
4016 210 49
4017 141 22
4018 75 16
4019 63 21
4020 222 41
4021 16 14
4022 168 23
4023 80 43
4024 239 34
4025 110 19
4026 243 27
4027 30 10
4028 386 64
4029 131 9
4030 58 10
4031 128 22
4032 62 12
4033 45 23
4034 119 14
4035 80 13
4036 156 27
4037 14 7
4038 75 12
4039 96 35
4040 329 42
4041 169 42
4042 97 13
4043 226 28
4044 33 11
4045 92 35
4046 235 22
4047 29 13
4048 166 28
4049 82 16
4050 132 18
4051 262 56
4052 159 16
4053 9 11
4054 211 39
4055 75 21
4056 109 16
4057 337 48
4058 110 25
4059 77 19
4060 39 12
4061 55 13
4062 400 48
4063 12 9
4064 84 9
4065 174 23
4066 97 19
4067 45 10
4068 53 12
4069 306 29
4070 85 36
4071 40 7
4072 96 24
4073 80 19
4074 25 12
4075 76 11
4076 92 32
4077 78 11
4078 70 7
4079 68 19
4080 199 23
4081 33 4
4082 28 5
4083 42 10
4084 87 14
4085 8 14
4086 11 11
4087 130 24
4088 187 37
4089 127 26
4090 85 9
4091 70 12
4092 90 19
4093 93 33
4094 12 11
4095 67 16
4096 211 25
4097 81 11
4098 337 80
4099 123 59
4100 437 57
4101 72 12
4102 57 24
4103 35 10
4104 260 32
4105 18 4
4106 2 22
4107 156 36
4108 30 10
4109 125 9
4110 65 8
4111 61 8
4112 66 36
4113 104 13
4114 102 15
4115 18 4
4116 109 13
4117 39 19
4118 17 23
4119 92 19
4120 97 28
4121 76 23
4122 40 10
4123 9 13
4124 34 8
4125 70 9
4126 15 25
4127 196 14
4128 135 32
4129 34 10
4130 77 17
4131 150 18
4132 81 19
4133 42 17
4134 71 16
4135 79 26
4136 70 21
4137 93 14
4138 49 6
4139 24 12
4140 138 29
4141 89 8
4142 86 13
4143 64 19
4144 334 60
4145 31 5
4146 68 11
4147 52 10
4148 64 15
4149 211 34
4150 53 18
4151 19 8
4152 50 12
4153 140 28
4154 35 8
4155 110 22
4156 157 21
4157 99 34
4158 113 53
4159 95 17
4160 137 22
4161 164 12
4162 165 14
4163 152 34
4164 122 13
4165 78 15
4166 74 28
4167 55 13
4168 38 18
4169 33 9
4170 137 23
4171 96 8
4172 39 20
4173 138 22
4174 0 0
4175 247 38
4176 226 37
4177 89 6
4178 40 16
4179 72 26
4180 26 2
4181 14 10
4182 411 61
4183 266 36
4184 33 10
4185 47 14
4186 28 11
4187 89 26
4188 35 9
4189 22 10
4190 73 4
4191 13 11
4192 275 45
4193 53 35
4194 34 13
4195 67 10
4196 45 12
4197 152 24
4198 26 4
4199 93 32
4200 270 25
4201 130 19
4202 52 11
4203 0 0
4204 117 12
4205 1548 239
4206 89 13
4207 21 6
4208 52 20
4209 49 21
4210 24 12
4211 118 13
4212 134 15
4213 208 38
4214 78 17
4215 72 11
4216 26 3
4217 144 20
4218 62 6
4219 47 13
4220 221 54
4221 48 14
4222 163 26
4223 108 22
4224 158 23
4225 80 23
4226 14 16
4227 6 32
4228 244 41
4229 35 9
4230 12 14
4231 1 0
4232 61 6
4233 374 44
4234 95 21
4235 36 14
4236 133 23
4237 32 4
4238 0 18
4239 240 61
4240 248 27
4241 83 12
4242 316 46
4243 74 8
4244 51 15
4245 14 1
4246 170 37
4247 82 16
4248 127 29
4249 155 21
4250 52 19
4251 42 5
4252 143 23
4253 10 5
4254 44 4
4255 99 26
4256 81 6
4257 128 15
4258 81 28
4259 153 22
4260 122 13
4261 20 10
4262 202 51
4263 132 13
4264 153 22
4265 57 8
4266 278 34
4267 65 14
4268 12 4
4269 0 0
4270 84 13
4271 34 12
4272 70 10
4273 50 9
4274 65 7
4275 73 13
4276 7 18
4277 48 14
4278 83 11
4279 83 16
4280 65 9
4281 319 41
4282 58 11
4283 56 8
4284 62 8
4285 43 16
4286 73 19
4287 153 57
4288 98 15
4289 41 9
4290 438 36
4291 57 16
4292 112 9
4293 24 15
4294 93 13
4295 37 9
4296 138 25
4297 66 13
4298 24 9
4299 98 25
4300 165 38
4301 34 5
4302 24 28
4303 25 4
4304 35 13
4305 33 9
4306 34 7
4307 23 4
4308 17 11
4309 75 21
4310 265 39
4311 165 22
4312 50 12
4313 67 5
4314 59 47
4315 74 18
4316 116 10
4317 73 24
4318 48 15
4319 228 105
4320 34 7
4321 284 64
4322 131 16
4323 32 5
4324 10 5
4325 61 15
4326 77 14
4327 24 10
4328 19 18
4329 40 21
4330 59 7
4331 60 5
4332 103 25
4333 93 15
4334 79 15
4335 465 158
4336 116 19
4337 107 12
4338 352 64
4339 141 29
4340 122 15
4341 111 19
4342 46 22
4343 71 20
4344 81 12
4345 42 19
4346 41 5
4347 59 12
4348 177 40
4349 23 6
4350 45 11
4351 37 6
4352 174 14
4353 18 23
4354 151 39
4355 186 24
4356 35 7
4357 185 31
4358 126 17
4359 26 7
4360 94 11
4361 159 22
4362 190 29
4363 43 9
4364 220 25
4365 106 15
4366 47 10
4367 39 10
4368 83 17
4369 39 11
4370 1 8
4371 28 11
4372 62 23
4373 59 18
4374 74 16
4375 7 13
4376 56 47
4377 57 6
4378 102 31
4379 69 13
4380 9 4
4381 43 13
4382 203 40
4383 45 8
4384 97 24
4385 34 10
4386 59 11
4387 29 11
4388 15 13
4389 93 13
4390 157 27
4391 63 26
4392 38 8
4393 65 14
4394 79 14
4395 61 12
4396 58 17
4397 26 3
4398 24 4
4399 44 7
4400 264 39
4401 39 7
4402 49 9
4403 36 24
4404 63 11
4405 170 32
4406 44 5
4407 45 7
4408 136 18
4409 58 12
4410 111 29
4411 67 6
4412 37 13
4413 142 53
4414 83 18
4415 85 11
4416 152 35
4417 95 17
4418 26 11
4419 64 8
4420 213 42
4421 59 13
4422 24 6
4423 111 18
4424 62 25
4425 39 4
4426 64 3
4427 92 8
4428 322 47
4429 49 4
4430 134 11
4431 76 8
4432 179 29
4433 43 7
4434 65 11
4435 32 10
4436 116 17
4437 68 12
4438 122 25
4439 39 15
4440 93 7
4441 49 8
4442 61 10
4443 77 12
4444 788 178
4445 209 50
4446 73 20
4447 134 12
4448 52 12
4449 100 12
4450 133 25
4451 101 20
4452 170 30
4453 68 16
4454 62 8
4455 224 18
4456 221 29
4457 82 16
4458 16 38
4459 42 6
4460 26 12
4461 73 4
4462 15 6
4463 73 13
4464 136 11
4465 310 81
4466 185 31
4467 148 14
4468 97 12
4469 65 25
4470 54 17
4471 48 17
4472 45 6
4473 62 8
4474 231 27
4475 129 19
4476 73 12
4477 70 14
4478 137 23
4479 137 31
4480 51 9
4481 140 19
4482 56 9
4483 18 7
4484 125 21
4485 271 89
4486 97 5
4487 31 9
4488 67 12
4489 130 15
4490 61 7
4491 93 12
4492 67 10
4493 176 69
4494 292 34
4495 107 11
4496 75 17
4497 168 22
4498 359 58
4499 68 10
4500 530 90
4501 78 34
4502 47 13
4503 168 59
4504 199 55
4505 146 22
4506 75 4
4507 67 13
4508 77 9
4509 55 22
4510 59 12
4511 380 91
4512 138 15
4513 190 23
4514 432 53
4515 81 20
4516 25 24
4517 353 39
4518 111 19
4519 116 9
4520 52 8
4521 94 14
4522 77 5
4523 34 8
4524 83 10
4525 238 72
4526 47 12
4527 46 10
4528 10 7
4529 50 17
4530 26 17
4531 102 25
4532 29 11
4533 128 11
4534 125 21
4535 33 9
4536 41 7
4537 41 6
4538 54 8
4539 80 11
4540 76 14
4541 16 4
4542 71 16
4543 59 5
4544 59 11
4545 127 20
4546 168 19
4547 209 23
4548 173 22
4549 80 12
4550 65 11
4551 16 10
4552 5 10
4553 255 42
4554 100 12
4555 108 55
4556 37 9
4557 39 9
4558 109 19
4559 194 32
4560 164 35
4561 19 7
4562 11 17
4563 108 25
4564 65 7
4565 50 10
4566 62 7
4567 152 34
4568 37 6
4569 51 11
4570 54 8
4571 13 8
4572 48 6
4573 5 8
4574 38 6
4575 21 1
4576 83 20
4577 93 18
4578 119 10
4579 24 10
4580 7 25
4581 125 45
4582 25 10
4583 98 13
4584 10 6
4585 56 9
4586 78 27
4587 118 14
4588 31 9
4589 39 14
4590 51 6
4591 81 27
4592 7 11
4593 33 13
4594 22 12
4595 30 16
4596 91 27
4597 138 25
4598 51 13
4599 125 18
4600 60 20
4601 64 19
4602 70 8
4603 74 11
4604 13 8
4605 54 10
4606 51 23
4607 46 5
4608 109 26
4609 92 13
4610 97 26
4611 64 9
4612 168 21
4613 128 18
4614 46 4
4615 79 12
4616 112 8
4617 59 9
4618 46 9
4619 31 12
4620 15 6
4621 81 9
4622 47 17
4623 31 5
4624 71 12
4625 19 12
4626 46 15
4627 26 15
4628 29 8
4629 52 3
4630 61 7
4631 80 8
4632 13 8
4633 336 36
4634 265 29
4635 24 8
4636 109 18
4637 40 14
4638 10 1
4639 32 4
4640 106 22
4641 30 5
4642 45 6
4643 115 28
4644 56 9
4645 305 52
4646 100 9
4647 74 24
4648 34 20
4649 28 10
4650 49 14
4651 41 13
4652 59 9
4653 22 4
4654 142 21
4655 45 9
4656 82 16
4657 73 12
4658 48 10
4659 38 11
4660 118 36
4661 335 64
4662 149 15
4663 69 12
4664 88 30
4665 29 5
4666 966 205
4667 85 23
4668 68 6
4669 129 39
4670 197 83
4671 44 12
4672 14 3
4673 76 17
4674 24 5
4675 71 5
4676 51 14
4677 175 17
4678 15 9
4679 15 3
4680 178 39
4681 73 4
4682 13 10
4683 58 5
4684 60 22
4685 28 8
4686 166 51
4687 11 6
4688 152 29
4689 114 18
4690 97 21
4691 53 15
4692 35 2
4693 131 32
4694 193 59
4695 39 8
4696 159 55
4697 18 6
4698 64 15
4699 95 18
4700 111 27
4701 35 15
4702 69 16
4703 209 30
4704 35 5
4705 31 2
4706 68 12
4707 89 23
4708 37 24
4709 52 9
4710 140 26
4711 79 22
4712 92 13
4713 56 8
4714 45 11
4715 153 33
4716 91 11
4717 21 3
4718 18 3
4719 99 13
4720 63 5
4721 35 18
4722 121 31
4723 53 7
4724 75 10
4725 83 10
4726 103 97
4727 97 24
4728 5 17
4729 156 18
4730 73 31
4731 48 6
4732 41 10
4733 72 6
4734 33 1
4735 43 17
4736 78 24
4737 58 18
4738 34 11
4739 115 17
4740 40 7
4741 11 3
4742 87 10
4743 57 3
4744 47 5
4745 47 17
4746 329 30
4747 86 20
4748 248 51
4749 95 17
4750 75 19
4751 9 5
4752 82 9
4753 18 7
4754 27 5
4755 125 9
4756 62 14
4757 21 12
4758 58 11
4759 90 14
4760 102 24
4761 9 5
4762 125 18
4763 109 40
4764 84 14
4765 33 8
4766 50 11
4767 85 6
4768 112 15
4769 16 9
4770 20 13
4771 57 14
4772 24 5
4773 327 48
4774 386 44
4775 126 17
4776 157 27
4777 20 6
4778 96 9
4779 65 15
4780 275 60
4781 129 27
4782 35 11
4783 26 8
4784 42 13
4785 148 25
4786 44 4
4787 16 16
4788 60 12
4789 50 5
4790 119 10
4791 40 11
4792 149 13
4793 158 36
4794 19 5
4795 94 5
4796 44 11
4797 76 7
4798 25 7
4799 75 5
4800 230 40
4801 52 6
4802 40 8
4803 37 5
4804 220 20
4805 46 5
4806 45 4
4807 168 24
4808 83 6
4809 42 7
4810 36 3
4811 48 13
4812 253 20
4813 69 9
4814 122 19
4815 54 6
4816 93 24
4817 72 10
4818 132 25
4819 32 7
4820 86 24
4821 75 7
4822 52 8
4823 223 30
4824 23 15
4825 36 8
4826 253 31
4827 33 7
4828 76 24
4829 91 15
4830 79 37
4831 93 21
4832 105 19
4833 192 29
4834 26 4
4835 84 19
4836 45 8
4837 84 30
4838 109 16
4839 85 8
4840 154 40
4841 61 9
4842 11 9
4843 70 10
4844 107 43
4845 74 6
4846 94 12
4847 16 8
4848 130 27
4849 108 16
4850 117 14
4851 45 10
4852 240 33
4853 174 23
4854 95 7
4855 103 14
4856 116 9
4857 267 56
4858 56 7
4859 62 8
4860 76 13
4861 191 22
4862 48 12
4863 105 12
4864 51 9
4865 48 30
4866 107 27
4867 56 11
4868 43 8
4869 60 4
4870 48 8
4871 36 3
4872 54 10
4873 64 17
4874 50 11
4875 34 2
4876 100 28
4877 288 32
4878 64 12
4879 114 12
4880 52 5
4881 68 9
4882 140 20
4883 101 9
4884 119 18
4885 267 42
4886 121 17
4887 86 8
4888 65 23
4889 64 10
4890 103 27
4891 91 22
4892 128 20
4893 36 14
4894 76 17
4895 80 19
4896 32 12
4897 40 6
4898 33 8
4899 22 14
4900 163 25
4901 88 8
4902 67 11
4903 104 15
4904 47 11
4905 49 8
4906 13 3
4907 61 11
4908 87 22
4909 12 15
4910 137 102
4911 212 107
4912 29 27
4913 43 14
4914 162 22
4915 106 17
4916 36 8
4917 47 6
4918 162 23
4919 40 3
4920 36 8
4921 34 8
4922 85 10
4923 117 23
4924 52 9
4925 150 31
4926 16 6
4927 46 12
4928 38 20
4929 28 3
4930 93 17
4931 45 5
4932 91 17
4933 71 10
4934 229 29
4935 197 24
4936 71 5
4937 37 16
4938 145 32
4939 44 19
4940 20 6
4941 75 23
4942 53 6
4943 90 8
4944 85 23
4945 76 13
4946 115 32
4947 88 18
4948 128 38
4949 292 27
4950 307 79
4951 70 6
4952 41 8
4953 64 21
4954 105 12
4955 421 33
4956 23 12
4957 86 17
4958 151 40
4959 82 8
4960 0 0
4961 60 11
4962 34 14
4963 65 8
4964 86 7
4965 30 11
4966 397 37
4967 173 25
4968 27 6
4969 1 0
4970 113 25
4971 411 75
4972 193 30
4973 50 6
4974 119 36
4975 518 126
4976 45 10
4977 82 3
4978 187 54
4979 163 23
4980 83 20
4981 103 18
4982 102 17
4983 36 3
4984 43 4
4985 161 25
4986 43 19
4987 39 16
4988 97 10
4989 181 17
4990 155 15
4991 765 120
4992 72 15
4993 104 4
4994 199 26
4995 75 15
4996 138 31
4997 70 15
4998 203 55
4999 1883 145
5000 2105 290
5001 567 101
5002 574 64
5003 354 41
5004 521 368
5005 452 83
5006 268 48
5007 238 72
5008 154 27
5009 113 29
5010 184 31
5011 128 18
5012 140 16
5013 93 9
5014 57 12
5015 63 13
5016 21 23
5017 26 13
5018 121 35
5019 75 23
5020 88 11
5021 65 14
5022 127 11
5023 51 5
5024 102 11
5025 27 9
5026 79 8
5027 68 10
5028 42 12
5029 87 25
5030 36 18
5031 1229 161
5032 107 8
5033 66 9
5034 158 20
5035 37 8
5036 99 10
5037 123 14
5038 38 11
5039 46 11
5040 299 37
5041 127 25
5042 76 10
5043 128 13
5044 44 9
5045 356 119
5046 45 18
5047 92 8
5048 26 8
5049 75 5
5050 195 28
5051 118 7
5052 114 16
5053 52 7
5054 65 17
5055 208 34
5056 68 24
5057 107 23
5058 150 9
5059 174 31
5060 221 55
5061 77 12
5062 112 7
5063 63 12
5064 34 3
5065 37 5
5066 117 10
5067 84 5
5068 44 6
5069 1 0
5070 42 28
5071 36 7
5072 75 7
5073 52 4
5074 60 13
5075 76 17
5076 70 17
5077 29 14
5078 36 13
5079 114 11
5080 85 11
5081 56 11
5082 69 9
5083 78 28
5084 43 11
5085 53 4
5086 17 4
5087 173 12
5088 104 31
5089 40 7
5090 135 31
5091 32 12
5092 152 43
5093 64 9
5094 275 44
5095 150 14
5096 123 15
5097 114 45
5098 60 25
5099 81 19
5100 226 18
5101 209 20
5102 120 16
5103 55 6
5104 167 34
5105 115 9
5106 49 9
5107 32 9
5108 58 20
5109 165 33
5110 33 22
5111 76 12
5112 20 6
5113 258 59
5114 73 7
5115 59 9
5116 43 3
5117 99 12
5118 70 21
5119 69 13
5120 31 12
5121 28 9
5122 25 24
5123 89 6
5124 43 7
5125 2 8
5126 59 10
5127 16 5
5128 56 25
5129 7 12
5130 27 3
5131 309 23
5132 40 6
5133 132 54
5134 31 14
5135 89 9
5136 22 8
5137 25 7
5139 3 11
5140 618 59
5141 115 18
5142 51 7
5143 46 9
5144 16 17
5145 184 26
5146 31 16
5147 52 13
5148 89 19
5149 307 34
5150 67 19
5151 53 18
5152 17 9
5153 163 21
5154 87 8
5155 82 20
5156 27 12
5157 13 8
5158 26 9
5159 65 9
5160 173 42
5161 43 11
5162 13 5
5163 11 1
5164 15 3
5165 70 12
5166 90 9
5167 57 175
5168 44 14
5169 1 0
5170 65 19
5171 12 7
5172 28 21
5173 42 9
5174 15 2
5175 139 25
5177 43 4
5178 111 32
5180 48 12
5183 11 6
5184 15 2
5185 109 36
5186 72 17
5188 33 7
5190 48 29
5191 34 8
5194 33 9
5195 32 16
5197 40 8
5198 70 5
5199 121 17
5200 91 12
5201 34 8
5202 46 11
5203 47 4
5204 58 11
5205 47 4
5206 44 5
5207 42 9
5208 1 0
5209 50 7
5210 46 15
5211 42 4
5212 50 10
5213 14 7
5214 24 1
5215 16 2
5216 14 6
5220 37 11
5221 51 10
5222 31 7
5223 11 9
5224 64 10
5225 80 13
5226 39 5
5227 216 17
5228 27 9
5229 14 4
5230 22 5
5231 77 10
5232 114 21
5233 56 10
5235 49 8
5236 261 63
5239 113 28
5240 43 9
5241 96 9
5242 224 47
5243 122 18
5244 19 5
5246 31 10
5250 266 31
5251 168 54
5252 66 9
5253 48 5
5255 55 16
5256 43 15
5260 56 9
5264 29 5
5265 44 7
5266 169 44
5267 45 11
5268 12 9
5269 73 9
5270 218 24
5271 54 9
5274 29 10
5275 36 9
5278 47 6
5280 66 9
5282 29 38
5284 0 13
5285 31 26
5286 72 8
5287 7 5
5288 74 14
5290 19 14
5291 45 7
5294 16 4
5296 58 6
5298 41 7
5299 35 5
5300 111 28
5301 47 6
5302 71 10
5303 71 9
5304 155 26
5305 50 8
5306 33 7
5307 34 7
5308 32 7
5309 263 32
5310 60 9
5311 67 13
5312 11 2
5313 12 1
5315 7 2
5317 63 18
5319 121 16
5320 293 33
5321 179 26
5322 67 10
5323 36 13
5325 27 7
5326 41 6
5330 32 6
5331 94 7
5333 69 21
5334 87 21
5335 38 16
5338 60 5
5339 112 19
5340 36 5
5343 66 9
5344 30 11
5345 46 11
5346 120 24
5348 44 7
5350 34 3
5351 52 8
5352 61 8
5353 72 16
5354 23 7
5355 76 9
5358 4 14
5360 19 9
5364 62 5
5365 81 8
5366 87 19
5367 27 7
5368 34 6
5369 45 8
5370 347 54
5373 13 2
5375 74 8
5376 204 29
5377 15 7
5380 138 28
5381 13 6
5382 77 32
5385 0 0
5387 6 6
5388 9 11
5390 21 12
5391 105 28
5395 22 3
5399 83 8
5400 66 19
5401 72 14
5403 130 50
5404 402 37
5405 24 6
5406 46 4
5407 55 7
5408 164 13
5409 103 8
5410 121 13
5411 40 2
5412 40 5
5413 57 4
5414 33 7
5415 45 15
5420 64 16
5423 286 41
5425 22 3
5430 169 36
5431 28 5
5432 125 27
5433 27 15
5435 23 6
5437 68 4
5440 131 11
5442 69 17
5444 1 0
5445 89 12
5447 38 2
5448 52 7
5450 19 10
5451 51 10
5452 29 6
5454 66 14
5455 36 9
5456 41 15
5460 66 21
5462 83 12
5464 134 29
5465 62 21
5466 157 37
5470 182 37
5471 67 5
5474 55 9
5475 19 4
5477 57 8
5480 1 0
5481 34 13
5483 32 6
5490 6 4
5491 56 7
5494 176 38
5495 150 24
5496 29 14
5498 34 5
5499 86 15
5500 436 115
5501 51 3
5502 25 4
5503 48 4
5504 26 7
5505 37 19
5506 50 12
5507 33 9
5508 56 2
5509 33 10
5510 229 59
5511 42 4
5512 73 13
5513 32 12
5514 143 32
5515 51 6
5516 32 6
5517 14 3
5520 78 15
5521 42 6
5522 141 17
5523 32 8
5525 54 5
5526 19 2
5530 35 6
5533 28 9
5535 49 5
5536 23 24
5539 12 6
5540 53 7
5543 11 8
5544 111 17
5545 357 22
5549 187 36
5550 156 11
5551 34 1
5552 408 51
5553 161 24
5554 309 70
5555 477 84
5556 41 6
5557 65 13
5558 1 0
5559 55 10
5560 141 20
5564 15 5
5565 28 7
5566 22 21
5569 32 7
5570 66 12
5573 32 7
5574 30 5
5575 24 2
5577 48 6
5579 199 53
5580 84 8
5581 47 11
5583 34 9
5585 11 5
5588 29 4
5590 73 15
5591 37 4
5594 45 10
5595 105 29
5596 68 9
5598 34 11
5599 74 8
5600 152 26
5601 84 12
5602 45 11
5605 35 4
5606 70 12
5607 55 17
5608 40 5
5610 122 9
5612 57 5
5613 33 14
5615 21 7
5618 75 39
5619 33 6
5620 71 11
5621 106 23
5622 18 14
5623 102 13
5625 46 18
5628 68 6
5630 44 5
5633 30 29
5639 16 12
5644 5 12
5647 56 13
5650 46 11
5653 42 8
5655 255 30
5656 64 15
5659 146 42
5660 54 8
5661 41 11
5662 31 2
5663 75 9
5665 54 25
5666 217 37
5667 43 14
5668 41 8
5669 22 6
5670 57 12
5673 57 11
5675 11 6
5677 46 9
5678 50 14
5680 52 12
5682 79 16
5683 183 19
5685 35 7
5686 83 16
5688 164 30
5689 38 9
5690 2 0
5692 32 8
5695 36 6
5696 58 6
5699 222 38
5700 80 20
5701 47 22
5702 106 16
5703 54 5
5705 29 11
5706 1 0
5707 87 15
5708 53 19
5710 91 19
5711 94 10
5712 75 8
5713 55 13
5716 145 19
5717 45 12
5720 266 57
5721 290 37
5725 65 6
5726 100 26
5727 46 9
5730 32 8
5731 41 12
5733 256 60
5737 38 26
5738 53 7
5739 60 13
5740 182 84
5747 114 21
5750 10 4
5751 93 21
5755 12 18
5757 58 7
5758 32 4
5760 51 15
5762 159 41
5765 49 7
5767 16 13
5770 21 8
5771 16 11
5772 155 31
5774 29 11
5775 45 10
5777 112 17
5779 51 20
5780 24 3
5781 41 6
5785 103 14
5787 113 20
5788 70 25
5789 294 71
5790 164 58
5791 60 11
5795 47 4
5797 45 13
5798 91 26
5799 36 8
5800 107 24
5801 80 27
5803 59 32
5805 121 15
5807 38 18
5808 117 17
5810 60 14
5811 94 37
5812 130 21
5813 46 10
5817 22 16
5818 128 15
5820 25 10
5821 100 22
5827 38 34
5830 18 23
5832 298 66
5834 52 10
5835 52 15
5836 44 8
5839 44 7
5840 29 7
5841 61 5
5842 95 27
5845 21 15
5847 5 1
5850 81 16
5851 39 26
5852 62 13
5855 218 67
5856 139 19
5858 344 43
5859 56 3
5860 36 5
5861 73 11
5862 59 10
5863 49 3
5866 208 61
5868 63 5
5870 37 12
5873 16 3
5875 40 10
5877 65 8
5878 35 4
5880 58 4
5881 54 6
5885 98 7
5886 110 17
5888 44 9
5889 109 30
5890 36 10
5895 67 12
5896 26 6
5898 130 24
5899 43 10
5900 120 20
5901 23 13
5902 129 16
5903 36 2
5904 46 8
5905 42 9
5906 31 16
5907 55 11
5908 128 8
5909 194 38
5910 33 4
5911 23 8
5912 38 21
5913 17 4
5915 113 16
5916 21 13
5917 47 11
5918 31 8
5919 108 14
5920 35 12
5921 25 10
5923 109 21
5924 19 9
5925 144 21
5926 83 15
5927 37 11
5930 14 14
5931 141 28
5932 118 14
5933 50 6
5935 333 52
5936 39 22
5937 58 14
5939 20 8
5940 153 23
5944 21 16
5945 21 5
5946 23 4
5947 62 11
5948 59 6
5949 22 6
5950 1 0
5951 20 1
5952 82 12
5953 49 7
5954 40 8
5955 45 8
5957 46 13
5958 38 4
5959 56 14
5960 74 7
5963 64 11
5965 36 8
5966 111 12
5967 48 10
5969 15 5
5970 67 3
5971 105 11
5972 13 2
5973 92 12
5974 28 10
5975 35 6
5976 29 3
5977 41 38
5978 39 11
5979 87 13
5980 44 16
5981 69 19
5982 77 13
5983 300 32
5984 40 11
5985 23 9
5986 28 2
5987 199 39
5988 27 11
5989 29 2
5990 90 11
5991 127 34
5992 60 6
5993 129 18
5994 131 16
5995 109 18
5996 53 15
5997 93 18
5998 171 35
5999 1091 247
